260 0 1 0 6.9680 0.0000 5.00
273 1 0 0 12.8500 0.5000 0.99
260 0 1 0 6.8350 0.0000 5.00
260 1 0 0 12.2450 0.5000 0.94
260 0 1 0 6.9430 0.0000 5.24
260 1 0 0 12.4450 0.5000 0.91
273 1 0 0 12.5110 0.5000 0.98
282 1 0 0 16.2200 0.5000 1.00
282 1 0 0 14.1820 0.5000 0.98
282 1 0 0 14.5430 0.5000 0.99
282 0 1 0 6.6700 0.0000 5.45
282 1 0 0 14.6130 0.5000 0.98
260 1 0 0 12.6590 0.5000 1.00
292 1 0 0 12.4580 0.5000 0.92
292 1 0 0 11.9770 0.5000 0.96
273 0 1 0 4.1120 0.0000 7.73
273 1 0 0 13.4060 0.5000 0.93
12 1 0 0 11.4240 0.5000 0.94
273 0 1 0 4.5600 0.0000 7.84
273 1 0 0 12.7960 0.5000 0.92
58 0 1 0 8.4930 0.0000 5.88
58 0 1 0 8.3750 0.0000 5.79
58 0 1 0 8.3300 0.0000 5.70
